DL
N=44 NM=2
FORMAT = FULLMATRIX DIAGONAL PRESENT
LEVEL LABELS:
BKHAMB
BKHAMC
DATA:
  0  0  0  0  0  0  2  0  0  0  0  0  0  0  0  0  0  0  0  0  0  0  0  0  0  0
  0  0  0  0  0  0  0  0  0  0  0  0  0  0  0  0  0  0
  0  0  1 13  0  0 23  0  0  1  0  2  6  1  0  1  0 16  0  0  0 14  0  5  0  0
  2  2  0  0 36  0 17  0  3  0  3  4  1  0  0  1  5  7
  0  1  0  0  0  0  0  0  0  0  0  0  0  0  0  0  0  0  0  0  0  0  0  0  0  0
  0  0  0  0  0  0  0  0  0  0  0  0  0  0  0  0  0  0
  0 13  0  0  0  0  4  0  0  1  0  0  0  1  0  2  0  4  0  0  0  2  0  0  0  0
  0  1  0  0  7  0  1  0  0  0  0  0  0  0  0  0  1  2
  0  0  0  0  0  0  1  0  0  0  0  0  0  0  0  0  0  0  0  0  0  0  0  0  0  0
  0  0  0  0  0  0  0  0  0  0  0  0  0  0  0  0  0  0
  0  0  0  0  0  0  0  0  0  0  0  0  0  0  0  0  0  0  0  0  0  0  0  0  0  0
  0  0  0  0  2  0  0  0  0  0  0  0  0  0  0  0  0  0
  2 23  0  4  1  0  0  0  0  3  1  0  0  2  0 15  1 13  0  1  0  6  0 11  1  2
  5  3  0  0 13  0 23  0  0  0  6  3  7  0  0  2 48  2
  0  0  0  0  0  0  0  0  0  0  0  0  0  0  0  0  0  0  0  1  0  0  0  0  0  0
  0  0  0  0  0  0  0  0  0  0  0  0  0  0  0  0  0  0
  0  0  0  0  0  0  0  0  0  0  0  0  0  0  0  0  0  0  0  0  0  0  0  0  0  0
  0  0  0  0  1  0  1  0  0  0  0  0  0  0  0  0  0  0
  0  1  0  1  0  0  3  0  0  0  0  0  0  0  0  0  0  1  0  0  0  0  0  0  0  0
  0  0  0  0  4  0  4  0  0  0  0  1  3  0  0  1  0  0
  0  0  0  0  0  0  1  0  0  0  0  0  0  0  0  1  0  0  0  0  0  0  0  0  0  0
  0  0  0  0  0  0  0  0  0  0  0  0  0  0  0  0  0  0
  0  2  0  0  0  0  0  0  0  0  0  0  0  0  0  0  0  0  0  0  0  0  0  0  0  0
  0  0  0  0  0  0  0  0  0  0  0  0  0  0  0  0  0  0
  0  6  0  0  0  0  0  0  0  0  0  0  0  0  0  0  0  0  0  0  0  0  0  0  0  0
  0  0  0  0  0  0  0  0  0  0  0  0  0  0  0  0  0  0
  0  1  0  1  0  0  2  0  0  0  0  0  0  0  0  0  0  5  0  0  0  1  0  1  0  1
  0  0  0  0  2  0  3  0  0  0  0  0  0  0  0  0  0  1
  0  0  0  0  0  0  0  0  0  0  0  0  0  0  0  0  0  0  0  0  0  0  0  0  0  0
  0  0  0  0  2  0  0  0  0  0  0  0  0  0  0  0  0  0
  0  1  0  2  0  0 15  0  0  0  1  0  0  0  0  0  0  6  2  0  0  0  0  3  0  1
  1  0  0  0  1  0  6  0  1  0  0  1  1  0  0  0 21  2
  0  0  0  0  0  0  1  0  0  0  0  0  0  0  0  0  0  0  0  0  0  0  0  0  0  0
  0  0  0  0  0  0  0  0  0  0  0  0  0  0  0  0  0  0
  0 16  0  4  0  0 13  0  0  1  0  0  0  5  0  6  0  0  0  0  1  5  0  1  0  5
  1  5  0  1 15  2 20  0  0  0  3  6  4  0  0  1  2  0
  0  0  0  0  0  0  0  0  0  0  0  0  0  0  0  2  0  0  0  0  0  0  0  0  1  0
  0  0  0  0  1  0  0  0  0  0  0  0  0  0  0  0  1  0
  0  0  0  0  0  0  1  1  0  0  0  0  0  0  0  0  0  0  0  0  1  0  0  0  0  0
  0  0  0  0  4  1  3  0  0  0  0  0  0  1  0  0  0  0
  0  0  0  0  0  0  0  0  0  0  0  0  0  0  0  0  0  1  0  1  0  0  0  0  0  0
  0  0  0  0  1  0  0  0  0  0  0  0  0  0  0  0  0  0
  0 14  0  2  0  0  6  0  0  0  0  0  0  1  0  0  0  5  0  0  0  0  0  0  0  0
  0  0  0  0  6  0  5  0  0  0  0  0  0  0  1  0  0  0
  0  0  0  0  0  0  0  0  0  0  0  0  0  0  0  0  0  0  0  0  0  0  0  0  0  0
  0  0  0  0  0  0  0  0  0  0  0  0  0  0  0  0  0  0
  0  5  0  0  0  0 11  0  0  0  0  0  0  1  0  3  0  1  0  0  0  0  0  0  0  0
  2  2  0  0  2  0  1  0  0  0  1  0  0  0  0  0  2  0
  0  0  0  0  0  0  1  0  0  0  0  0  0  0  0  0  0  0  1  0  0  0  0  0  0  0
  0  0  0  0  0  0  0  0  0  0  0  0  0  0  0  0  0  0
  0  0  0  0  0  0  2  0  0  0  0  0  0  1  0  1  0  5  0  0  0  0  0  0  0  0
  0  0  0  0  0  0  5  0  0  0  0  0  1  0  0  0  0  0
  0  2  0  0  0  0  5  0  0  0  0  0  0  0  0  1  0  1  0  0  0  0  0  2  0  0
  0  2  0  0  3  0  0  0  0  0  0  0  0  0  0  0  3  0
  0  2  0  1  0  0  3  0  0  0  0  0  0  0  0  0  0  5  0  0  0  0  0  2  0  0
  2  0  0  0  7  0  2  0  0  0  0  1  0  0  0  3  3  0
  0  0  0  0  0  0  0  0  0  0  0  0  0  0  0  0  0  0  0  0  0  0  0  0  0  0
  0  0  0  0  1  1  0  0  0  0  0  0  0  0  0  0  0  0
  0  0  0  0  0  0  0  0  0  0  0  0  0  0  0  0  0  1  0  0  0  0  0  0  0  0
  0  0  0  0  0  0  0  0  0  0  0  0  0  0  0  0  0  0
  0 36  0  7  0  2 13  0  1  4  0  0  0  2  2  1  0 15  1  4  1  6  0  2  0  0
  3  7  1  0  0  2 11  0  1  0  1  6  1  1  0  1  1  0
  0  0  0  0  0  0  0  0  0  0  0  0  0  0  0  0  0  2  0  1  0  0  0  0  0  0
  0  0  1  0  2  0  2  0  0  0  0  0  0  0  0  0  0  1
  0 17  0  1  0  0 23  0  1  4  0  0  0  3  0  6  0 20  0  3  0  5  0  1  0  5
  0  2  0  0 11  2  0  0  0  0  0  5  3  0  0  1  7  2
  0  0  0  0  0  0  0  0  0  0  0  0  0  0  0  0  0  0  0  0  0  0  0  0  0  0
  0  0  0  0  0  0  0  0  0  0  0  0  0  0  0  0  0  0
  0  3  0  0  0  0  0  0  0  0  0  0  0  0  0  1  0  0  0  0  0  0  0  0  0  0
  0  0  0  0  1  0  0  0  0  0  0  0  0  0  0  0  0  0
  0  0  0  0  0  0  0  0  0  0  0  0  0  0  0  0  0  0  0  0  0  0  0  0  0  0
  0  0  0  0  0  0  0  0  0  0  0  0  0  0  0  0  0  0
  0  3  0  0  0  0  6  0  0  0  0  0  0  0  0  0  0  3  0  0  0  0  0  1  0  0
  0  0  0  0  1  0  0  0  0  0  0  1  0  0  0  1  2  0
  0  4  0  0  0  0  3  0  0  1  0  0  0  0  0  1  0  6  0  0  0  0  0  0  0  0
  0  1  0  0  6  0  5  0  0  0  1  0  0  0  0  0  0  0
  0  1  0  0  0  0  7  0  0  3  0  0  0  0  0  1  0  4  0  0  0  0  0  0  0  1
  0  0  0  0  1  0  3  0  0  0  0  0  0  0  0  1  0  0
  0  0  0  0  0  0  0  0  0  0  0  0  0  0  0  0  0  0  0  1  0  0  0  0  0  0
  0  0  0  0  1  0  0  0  0  0  0  0  0  0  0  0  0  0
  0  0  0  0  0  0  0  0  0  0  0  0  0  0  0  0  0  0  0  0  0  1  0  0  0  0
  0  0  0  0  0  0  0  0  0  0  0  0  0  0  0  0  0  0
  0  1  0  0  0  0  2  0  0  1  0  0  0  0  0  0  0  1  0  0  0  0  0  0  0  0
  0  3  0  0  1  0  1  0  0  0  1  0  1  0  0  0  1  0
  0  5  0  1  0  0 48  0  0  0  0  0  0  0  0 21  0  2  1  0  0  0  0  2  0  0
  3  3  0  0  1  0  7  0  0  0  2  0  0  0  0  1  0  0
  0  7  0  2  0  0  2  0  0  0  0  0  0  1  0  2  0  0  0  0  0  0  0  0  0  0
  0  0  0  0  0  1  2  0  0  0  0  0  0  0  0  0  0  0
 0 5 2 2 2 1 7 3 4 2 3 2 3 5 6 3 4 3 4 2 3 2 2 1 1 1 0 0 0 5 6 0 1 1 0 3 0 0 0 0
 1 0 2 0
 4 0 3 9 2 0 9 0 2 0 0 0 7 7 1 9 0 9 3 3 1 9 2 6 1 2 5 3 2 0 9 2 9 6 2 2 3 4 8 5
 2 1 4 4
 0 1 0 0 0 0 0 0 0 0 0 0 0 0 0 0 0 0 0 0 0 0 0 0 0 0 0 0 0 0 1 0 0 0 0 0 0 0 0 0
 0 0 0 0
 0 9 0 0 0 0 6 0 0 0 0 0 0 2 0 6 0 5 0 0 0 1 0 0 0 0 0 1 0 0 9 0 2 1 0 0 0 0 0 1
 0 0 0 2
 0 3 1 1 0 1 0 0 0 0 0 3 0 4 0 0 0 0 0 0 0 0 0 0 1 0 1 0 0 0 0 0 0 0 0 0 0 0 0 0
 0 0 0 0
 0 0 0 0 0 0 1 2 0 0 0 0 0 0 0 0 0 0 0 0 0 0 0 0 0 0 0 0 0 0 1 0 0 0 0 0 0 0 0 0
 0 0 0 0
 1 9 1 9 0 0 0 1 1 1 3 1 1 3 1 9 1 9 2 1 1 4 0 7 0 1 2 1 0 1 8 1 9 7 0 2 0 9 7 9
 1 0 2 9
 0 7 2 4 0 9 8 0 2 0 0 0 3 0 0 0 0 8 8 0 3 0 4 0 0 0 2 1 0 0 4 0 0 0 5 0 0 0 2 0
 0 0 3 0
 0 0 0 0 0 0 3 0 0 0 0 0 0 0 0 0 0 4 0 0 0 0 0 0 0 0 0 0 0 0 5 1 4 0 0 0 0 0 0 0
 0 0 0 1
 2 8 0 2 0 0 9 0 1 0 1 0 0 4 1 0 0 7 0 0 0 5 0 0 4 0 0 0 2 0 9 0 6 0 0 3 2 0 6 5
 0 0 8 7
 4 2 0 4 1 0 4 0 1 0 0 0 0 4 4 2 0 4 2 0 0 0 0 0 0 0 0 0 0 0 3 0 2 0 0 2 0 0 3 2
 0 0 1 2
 0 2 0 0 1 0 2 0 0 0 0 0 1 0 0 0 0 1 0 0 0 0 0 0 0 0 1 0 0 0 0 1 3 0 0 0 0 0 0 0
 0 0 0 0
 0 7 0 1 0 0 2 0 0 0 0 0 0 1 0 0 0 0 0 0 0 0 0 0 0 0 0 0 0 0 3 0 0 0 0 0 0 0 0 0
 0 0 0 0
 7 9 3 9 3 1 7 1 4 1 7 1 3 0 9 4 2 9 1 2 1 3 3 1 3 1 2 1 1 0 7 0 8 0 0 0 1 0 3 5
 1 0 1 1
 1 1 0 0 0 0 2 0 1 0 0 0 0 3 0 1 0 3 0 0 0 0 0 0 0 0 0 0 0 0 5 0 3 0 0 0 0 0 0 4
 0 0 2 0
 1 7 1 8 0 0 9 0 1 3 2 0 0 2 1 0 2 9 3 0 0 2 2 8 0 1 3 1 0 0 9 0 9 3 0 4 0 9 4 8
 0 0 5 9
 0 0 0 0 0 0 0 0 0 0 0 0 0 0 0 1 0 2 2 1 1 0 0 1 0 0 0 0 0 0 2 0 0 0 0 1 0 0 1 1
 0 0 1 0
 1 9 1 7 1 1 9 1 2 1 2 1 1 3 2 4 1 0 1 1 1 2 2 1 1 3 1 2 1 1 8 2 9 1 1 1 1 4 3 3
 1 1 3 1
 0 5 0 2 0 0 2 0 0 0 0 0 0 0 0 3 0 0 0 0 0 0 0 0 0 0 0 0 0 0 4 0 0 0 0 0 0 0 0 0
 0 0 0 0
 0 1 0 0 0 0 3 0 0 0 0 0 0 0 0 0 0 1 0 0 0 0 0 1 0 0 0 0 1 0 3 0 2 0 0 0 1 2 1 2
 2 0 0 0
 0 0 0 0 0 0 0 0 0 0 0 0 0 0 0 0 0 1 0 1 0 0 0 0 0 0 0 0 1 0 1 0 1 0 0 0 0 0 0 0
 0 0 0 0
 0 6 0 2 0 0 5 3 0 0 0 0 0 2 0 0 0 5 0 2 0 0 1 2 0 0 0 0 0 4 2 0 6 0 0 0 1 0 0 0
 0 4 0 0
 0 0 0 0 0 0 0 0 0 0 0 0 0 0 0 0 0 0 0 0 0 0 0 0 0 0 0 0 0 0 0 0 0 0 0 0 0 0 0 0
 0 0 0 0
 0 4 0 1 0 0 9 0 0 0 0 0 1 0 0 1 0 1 0 0 0 1 0 0 0 0 1 1 0 0 2 0 1 0 0 0 0 1 0 0
 0 0 0 1
 0 0 0 0 0 0 1 0 0 0 0 0 0 0 0 0 0 0 1 0 0 0 0 0 0 0 0 0 0 0 0 2 0 0 0 0 0 0 0 0
 0 0 0 0
 0 2 0 0 0 0 3 0 0 0 0 0 0 0 0 2 0 8 0 0 0 0 0 1 0 0 0 0 0 0 3 0 7 0 0 0 0 0 0 2
 0 0 0 1
 0 8 0 0 1 0 4 0 1 0 0 0 0 0 0 1 0 3 1 0 0 0 0 1 0 0 0 0 0 0 8 0 4 0 0 0 0 0 3 1
 0 0 0 5
 0 1 0 0 0 0 2 1 0 0 0 0 0 0 0 1 0 7 0 0 0 1 0 3 0 1 2 0 0 0 7 0 2 0 0 0 0 0 0 2
 0 0 1 3
 0 0 0 0 0 0 0 0 0 0 0 0 0 0 0 0 0 0 1 2 0 0 0 0 0 0 0 0 0 0 1 2 0 0 0 0 3 0 0 0
 2 0 0 0
 0 2 0 0 0 0 0 0 0 0 0 0 0 0 0 0 0 0 0 0 0 4 0 0 0 0 0 0 0 0 0 0 0 0 0 0 0 0 0 0
 0 0 0 0
 0 8 0 3 0 1 2 0 2 2 0 0 0 0 1 1 0 6 0 1 0 0 0 1 0 2 2 2 0 0 0 1 3 0 0 0 0 0 3 1
 0 0 1 2
 0 0 0 0 0 0 0 0 1 0 0 0 0 0 0 0 0 5 0 0 0 0 0 0 0 0 0 0 0 1 1 0 4 0 4 2 0 0 0 0
 0 0 0 0
 0 9 1 3 1 0 8 0 2 3 1 0 0 3 2 4 1 9 1 2 2 2 1 3 1 2 1 1 0 1 6 2 0 3 1 1 1 2 3 5
 3 0 4 5
 0 4 0 1 0 0 4 0 0 0 0 0 0 0 0 1 0 4 1 0 0 0 0 0 0 0 1 0 0 0 0 0 3 0 0 0 0 0 2 0
 0 0 0 0
 0 3 0 0 0 0 1 0 0 0 0 0 0 0 0 1 0 1 0 0 0 0 0 0 0 0 0 0 0 0 3 0 0 0 0 0 0 2 0 0
 0 0 0 0
 0 0 0 0 0 0 0 0 0 0 0 0 0 0 0 0 0 0 0 0 0 0 0 0 0 0 0 0 1 0 0 0 0 0 0 0 0 0 0 0
 0 0 0 0
 0 2 0 0 0 0 9 0 0 0 0 0 0 0 0 9 0 5 4 0 0 0 1 1 0 1 1 1 0 0 2 0 4 3 4 3 0 0 6 0
 0 0 5 0
 0 6 0 1 0 0 2 0 0 0 0 0 1 1 0 3 0 3 0 0 0 0 0 0 0 0 1 0 0 0 6 0 2 0 0 0 0 0 0 1
 0 0 0 0
 0 7 1 5 2 0 9 1 1 5 5 0 0 2 2 7 2 8 1 1 1 0 0 1 0 7 1 6 1 0 9 1 9 1 0 0 1 1 0 0
 2 0 7 7
 0 0 0 0 0 0 0 0 0 0 0 0 0 0 0 0 0 4 0 5 1 0 0 0 0 0 0 0 4 0 3 0 1 0 0 0 4 0 0 0
 0 0 0 0
 0 0 0 0 0 0 0 0 0 0 0 0 0 0 0 0 0 0 0 0 0 0 0 0 0 0 0 0 0 0 0 0 0 0 0 0 0 0 0 0
 0 0 0 0
 0 1 0 0 0 0 1 0 0 0 0 0 0 0 0 1 0 2 0 0 0 0 0 0 0 0 0 4 0 0 0 0 3 0 0 0 0 0 0 3
 0 0 2 0
 0 2 0 2 1 0 9 0 1 0 2 0 0 1 0 9 0 3 1 0 0 0 2 3 0 1 2 2 0 1 3 1 5 0 1 0 0 3 0 3
 0 0 0 0
 0 7 0 3 0 0 3 0 0 2 0 0 0 3 0 0 2 6 3 0 0 0 0 2 0 3 0 3 2 0 5 0 7 0 0 0 3 2 0 5
 4 0 4 0
