DL
N=40 NM=2
FORMAT = FULLMATRIX DIAGONAL PRESENT
LEVEL LABELS:
BKOFFB
BKOFFC
DATA:
  0  0  0  0  0  0  0  0  0  0  0  0  0  0  0  0  0  1  0  0  0  0  0  0  0  0
  0  0  0  0  0  1  0  0  0  0  0  2  1  0
  0  0  4  8  0  3  3  0  1  1  0  0  3  0  0  0  2  1  1  0  0  2  2  0  0  0
  0  1  0  0  2  9  0  1  1  0  0  3  0  0
  0  4  0  2  1  0 14  0  0  0  1  0  0  1  1  1  0  0  2  0  0 10  0  1  1  0
  0  0  0  4  0  1  0  1  8  1  0  0  2  1
  0  8  2  0 13  0  3  0  0  0  0  0  1  0  2  1  1  0  1  0  1  1  0  2  0  0
  0  0  0  0  0  2  0  0  0  0  0  0  0  3
  0  0  1 13  0  0  0  0  0  0  0  0  0  0  0  0  2  0  0  0  1  0  0  0  0  1
  0  0  0  0  0  0  0  0  0  1  1  0  0  0
  0  3  0  0  0  0  0  0  0  1  1  0  1  2  0  0  0  1  0  0  0  0  1  0  0  0
  0  0  0  0  0  0  0  0  0  2  0  0  0  0
  0  3 14  3  0  0  0  0  8  0  0  0  5  0  0  1  0  0  3  0  0  8  0  0  0  1
  0  0  0  1  0  0  0  1  1  1  0  0  0  2
  0  0  0  0  0  0  0  0  3  3  3  0  0  0  0  1  0  0  0  0  0  0  0  0  0  0
  0  0  0  0  0  0  0  0  0  0  1  0  1  0
  0  1  0  0  0  0  8  3  0  1  0  1  4  4  1  4  0  0  0  2  0  0  0  0  2  0
  0  0  0  0  0  0  0  0  1  0  4  0  0  0
  0  1  0  0  0  1  0  3  1  0  2  0  1  2  3  1  0  0  0  0  0  0  3  0  0  1
  0  0  0  0  0  0  0  0  0  1  0  2  0  0
  0  0  1  0  0  1  0  3  0  2  0  0  0  0  1  3  0  0  0  5  3  0  0  0  2  1
  0  0  0  0  1  0  0  0  0  1  0  0  0  0
  0  0  0  0  0  0  0  0  1  0  0  0  2  0  2  0  1  1  0  0  0  0  0  0  1  0
  2  0  0  0  0  0  0  0  0  0  3  0  0  1
  0  3  0  1  0  1  5  0  4  1  0  2  0  2  6  3  0  3  6  1  0  0  0  2  2  0
  0  0  0  4  3  3  0  0  0  0  1  0  0  0
  0  0  1  0  0  2  0  0  4  2  0  0  2  0 11  0  4  9  2  0  0  0  4  4  0  1
  4  0  0  2  2  1  0  0  1  3  0  0  1  5
  0  0  1  2  0  0  0  0  1  3  1  2  6 11  0  0  1  2  0  0  0  0 12  0  6  0
  1  0  0  0  0  0  0  0  1  1  0  0  0  0
  0  0  1  1  0  0  1  1  4  1  3  0  3  0  0  0  3  3  1  0  0  1  2  0  0  0
  1  0  0  1  0  1  0  0  0  0  3  0  1  0
  0  2  0  1  2  0  0  0  0  0  0  1  0  4  1  3  0  0  0  0  0  1  3  0  0  0
  1  0  0  0  0  1  0  0  0  0  0  0  1  0
  1  1  0  0  0  1  0  0  0  0  0  1  3  9  2  3  0  0  0  1  0  0  4  1  0  0
  3  0  0  0  0  0  0  0  3  0  0  0  1  0
  0  1  2  1  0  0  3  0  0  0  0  0  6  2  0  1  0  0  0  0  0  1  0  0  0  1
  1  0  0  3  3  3  0  0  0  1  0  0  0  0
  0  0  0  0  0  0  0  0  2  0  5  0  1  0  0  0  0  1  0  0  2  0  0  0  0  0
  1  0  0  0  0  0  0  0  0  0  0  0  0  0
  0  0  0  1  1  0  0  0  0  0  3  0  0  0  0  0  0  0  0  2  0  0  0  1  0  2
  0  0  0  0  0  0  0  0  0  1  0  0  0  0
  0  2 10  1  0  0  8  0  0  0  0  0  0  0  0  1  1  0  1  0  0  0  1  0  0  0
  0  3  1  1  0  1  3  2 16  0  0  0  0  5
  0  2  0  0  0  1  0  0  0  3  0  0  0  4 12  2  3  4  0  0  0  1  0  4  0  0
  3  0  0  0  0  1  0  4  1  3  2  0  0  0
  0  0  1  2  0  0  0  0  0  0  0  0  2  4  0  0  0  1  0  0  1  0  4  0  0  2
  1  0  0  0  0  0  0  0  0  0  0  0  2  0
  0  0  1  0  0  0  0  0  2  0  2  1  2  0  6  0  0  0  0  0  0  0  0  0  0  1
  2  0  0  1  2  0  0  0  0  0  0  0  1  0
  0  0  0  0  1  0  1  0  0  1  1  0  0  1  0  0  0  0  1  0  2  0  0  2  1  0
  1  7  4  1  0  1  0  0  0  0  0  0  0  0
  0  0  0  0  0  0  0  0  0  0  0  2  0  4  1  1  1  3  1  1  0  0  3  1  2  1
  0  0  0  0  0  0  0  0  0  1  6  0  1  0
  0  1  0  0  0  0  0  0  0  0  0  0  0  0  0  0  0  0  0  0  0  3  0  0  0  7
  0  0  3  0  0  0  0  2  0  0  0  0  0  1
  0  0  0  0  0  0  0  0  0  0  0  0  0  0  0  0  0  0  0  0  0  1  0  0  0  4
  0  3  0  9  0  0  0  5  1  1  0  0  2  1
  0  0  4  0  0  0  1  0  0  0  0  0  4  2  0  1  0  0  3  0  0  1  0  0  1  1
  0  0  9  0  6 11  0  0  0  0  0  0  0  0
  0  2  0  0  0  0  0  0  0  0  1  0  3  2  0  0  0  0  3  0  0  0  0  0  2  0
  0  0  0  6  0  8  0  0  1  0  0  0  0  0
  1  9  1  2  0  0  0  0  0  0  0  0  3  1  0  1  1  0  3  0  0  1  1  0  0  1
  0  0  0 11  8  0  0  1  2  0  0  0  1  0
  0  0  0  0  0  0  0  0  0  0  0  0  0  0  0  0  0  0  0  0  0  3  0  0  0  0
  0  0  0  0  0  0  0  3  0  0  0  0  0  2
  0  1  1  0  0  0  1  0  0  0  0  0  0  0  0  0  0  0  0  0  0  2  4  0  0  0
  0  2  5  0  0  1  3  0  5  1  0  0  0  4
  0  1  8  0  0  0  1  0  1  0  0  0  0  1  1  0  0  3  0  0  0 16  1  0  0  0
  0  0  1  0  1  2  0  5  0  0  0  0  0  5
  0  0  1  0  1  2  1  0  0  1  1  0  0  3  1  0  0  0  1  0  1  0  3  0  0  0
  1  0  1  0  0  0  0  1  0  0  0  0  0  0
  0  0  0  0  1  0  0  1  4  0  0  3  1  0  0  3  0  0  0  0  0  0  2  0  0  0
  6  0  0  0  0  0  0  0  0  0  0  0  1  0
  2  3  0  0  0  0  0  0  0  2  0  0  0  0  0  0  0  0  0  0  0  0  0  0  0  0
  0  0  0  0  0  0  0  0  0  0  0  0  0  0
  1  0  2  0  0  0  0  1  0  0  0  0  0  1  0  1  1  1  0  0  0  0  0  2  1  0
  1  0  2  0  0  1  0  0  0  0  1  0  0  0
  0  0  1  3  0  0  2  0  0  0  0  1  0  5  0  0  0  0  0  0  0  5  0  0  0  0
  0  1  1  0  0  0  2  4  5  0  0  0  0  0
  0 27  3 36 23 34 14 19 13  9  3 26 21 25  1  8 22 12 11  4  2 37 35 17  5 20
  7 33 32 39 38 16 28 30 29 24  6 10 18 31
 10  0 35 17 29  6 13 30  2  7 35 21 15 20 19 24 18  4 12  8  1 22 11 31 28 32
 39 26 23  5 14 16 33 38 27 36 25  3 34 37
 31 28  0 21 39 18 14  7  8  2  0 25 19 10  5 11 32 13 23  4  3 20 24 33  1 15
  9 34 37 36 35 26 27 30 22 38 12 17  6 29
 29 21 34  0  1 23 11 28 30 22 34  2 12 20 26 39 25 14 10 32 33  8 24  4 15 16
 37 17 27  7  6  5 36 19  9 35 38  3 31 18
 29  8 31  1  0  4 21 20 27 24 31  3 28 18 16 12  2 17 11 34 14 35 30 13 26  7
  9 37 36 32 33 15 23 39 19 22  6  5 25 38
 27 24 12 19 25  0 16 28 23  4 12  3  6 11  9  2 20  5 18 39 22 35  1 13 26 29
 14 30 38 21 17  7 33 36 15 32 10 31 34 37
 29 10 11  5 38 33  0 17 15 14 11 25  6 39 20 16 37 24  4 13 26  3 36 34 31  8
 18 23 28  9  2 19 32 22  7 35 12 27 30 21
 12 23  5 18 13 22  9  0  3  6  5 20 24 21 17  4 19  7 35 38 34 36  8 14 11 10
  2 32 31 37 39 15 25 29 28 26  1 33 27 30
 13 20  5 28 31 17  2  4  0  7  5 27  9 18 14  1 33 10 22 11 12 23 16 26 15  8
  6 39 38 29 30 21 34 36 32 35  3 24 25 37
 26 13  1 22 31  6  9 10 16  0  1 20 15  3  2  7 34 23 11 14 25 28 18  5  4  8
 27 39 38 36 24 19 32 33 35 30 17 12 29 37
 31 28  0 21 39 18 14  7  8  2  0 25 19 10  5 11 32 13 23  4  3 20 24 33  1 15
  9 34 37 36 35 26 27 30 22 38 12 17  6 29
 27 17 14 16  5  4 21 30 28 13 14  0 12  8 20  1  2  7 26 23 22 34  3  6 31 25
 10 24 29 37 36 11 18 38 32 19  9 35 33 39
 27 14 23 15 26 17 10 30  8 20 23 22  0  2  3  5 25  4  1 28 31 34  7 19 32  6
 18 36 35  9 21 13 38 37 16 24 12 29 33 39
 31 28 14 30 24 21 18 32 13 11 14 15  3  0  1  8 22  2 25 39 38 35  4  6 20  7
 10 26 27 36 37 19 23 34 16  5  9 12 29 33
 11 19  9 12 36 18 22 17 13  3  9 26  4  1  0 10 24  2 20 30 31 21  7  8  5 28
 23 33 37 38 29 15 35 39 27 34 25  6 14 32
 22 25 15 33 28  1 18  8  7 11 15 10  5 13  9  0 19 12 17 30 20 39  4 14 27 21
  2 35 36 32 31  6 23 37 34 26  3 29 24 38
 34  1 25  9 15  7 29 35 36 22 25 10 24  6  8 12  0  4 23 39 32 18  2 14 28 33
 16 19 27 37 38  5  3 30 31 26 13 11 20 21
  9 39 16 29 26  6 14 10  7 27 16 22  4  2  3  8 20  0 15 35 28 34  5 12 23 24
 13 31 30 38 18 11 21 32 37 33  1 19 25 36
 18 12 27 10 14 22  3 34 25 24 27 30  1 26 20  9 16 23  0  2 17 39 21 36 28  7
 13 32 33  6  5  8 35 38 19 15 29 11 31 37
  4 11  2 20 39 30  9 33  5 12  2 18 21 27 19 14 24 26  3  0  1 28 23 22 37 16
 25 31 32  6  8 10 38 35 13 17 15 29 36 34
  6 26  2 27  7 29 19 35 12 11  2 17 20 31 25  5 21 32  4  1  0 38 39 15  9  8
 14 36 37 16 30 13 22 34  3 24 23 18 28 33
 35 16 27 12 34 29  6 36 30 19 27 23 39 22 18 31 25 21 38 28 37  0 20 10 24 33
 32  5  8 14 13  9  3  4  2 11 26 15 17  1
 39 16 17 29 37  2 27 24 31 15 17  7 10  5  9  4  3  8 20 28 38 22  0  1 36 35
 14 11 12 32 34 30 13 19 26 18  6 33 25 23
 30 38 22  9 29 20 25 36 35 21 22 15 10  5  4 12 13  3 26 37 28  8  1  0 39  2
  6 34 16  7 18 19 27 23 31 24 14 32 33 11
 20 26  1 14 36 28 17 19  7  4  1 23 24 22  2 11 29  9 13 38 12 27 34 39  0  8
  5  6 21 30 15 16 32 37 35 33 10 25  3 31
 33 26  6 32 18 28 13 15  5 16  6 35  2 20 21  8 34 22  1 24 17 37 29  4 14  0
  3 25 27 11 10 23 31 39 36 19  7 30  9 38
 23 32  7 28 25 24  9  4 13 30  7 19 20 18  8  3 14 11  6 27 21 38 17 10  1  5
  0 29 33 31 35 16 15 39 36 26  2 34 12 37
 39 30 24 15 38 33 14 32 37 27 24 25 35 23 19 26 12 29 18 36 34  3 11 20  9 10
 28  0  1 16 21  6  2  4  8 13 22 31  7  5
 36 19 25 24 35 33 13 37 38 22 25 26 30 16 14 34 11 32 18 39 31  4 10  9 21 15
 27  1  0 28 29 12  2  3  8  6 23 20  5  7
 39 11 31  9 26 24  6 27 23 29 31 25  7 36 32 14 22 19  3 10 20 15 21  8 16  5
 30 12 18  0  1  2 38 34 35 37 13 28 17 33
 29  4 26  9 33 17  5 37 28 24 26 38  7 31 18 25 34 16  3 10 30 11 21 22 13  8
 36 12 39  1  0  2 35 19 27 32 23 15 14 20
 28  4 30  3 21 27  6 34 36 29 30 38 13  8 12  5 22  7  9 18 20 14 15 33 35 10
 17 23 32  1  2  0 16 24 31 19 37 26 25 39
 37 26 30 24 28 29 21 38 39 32 30 18 34 16 20 17  9 19 33 23 25  3 14 10 36 22
 15  1  2 35 31 11  0  4  5  8 13 27  7  6
 32 14 17 11 31 35 15 33 36 18 17 30 39 25 24 26 19 22 38 21 37  2  9 13 28 29
 27  5  6 20 16 12  1  0  3  7 23 34  8  4
 38 15 28 16 35 27  3 39 30 32 28 29 12 13 18 33 26 25 17 21  9  1 24 23 37 22
 34  6  7 19 20 11  8  5  0 14 36 31 10  4
 25 15 38 19 33 32 17 36 37 22 38 30 14  2 24 13 29 27  7 18 20  9 28  4 35 10
 34  8 11 39 31 12  3  6  1  0 21 23 26 16
 21 24 11 29 31 18  5  3  6 20 11 12 14  9 15  1 13  4 30 37 28 36  8  7 22 10
  2 32 33 27 19 26 16 38 39 17  0 34 23 35
  8 23  9 12  5 30 26 34 24 16  9 18 15  7  6  3  4  2 13 27 32 22 21 17 31 20
 35 39 19 28 29 14 33 38 37 36 10  0  1 25
 31 36  5 34 28 23 38 30 18 35  5 27 33 25 13 14  6 24 32 22 39 12 29 26  1 16
  4  8  7 20 21 19  3 17  9 10 11  2  0 37
 29 38 17  4 31 37  6 35 36 22 17 24 39 20 19 26 12 30 32 28 25  1 18 14 33 34
 27  8  9 21 11 10  5  3  2 15 23 16 13  0
