DL
N=34 NM=2
FORMAT = FULLMATRIX DIAGONAL PRESENT
LEVEL LABELS:
BKTECB
BKTECC
DATA:
  0  5  7  1  0  0  0  1  0  0  0  1  0  0  0  0  0  0  0  0  0  0  4  0  0  0
  0  1  0  1  3  0  0  0
  5  0 14  0  0  0  1  1  1  1  1  1  1  1  0  4  0  0  0  0  0  0  8  1  0  0
  0  1  0  0  4  1  0  1
  7 14  0  0  0  0  0  0  1  1  0  1  3  1  1  1  0  0  0  0  0  0  5  1  0  0
  0  2  0  3  4  1  0  1
  1  0  0  0  0 14  0  0  0  0  0  2  1  0  2  0  0  0  3  0  0  1  0  0  0  0
  0  0  1  0  0  0  0  0
  0  0  0  0  0  0  6  0  1  0  0  0  1  0  1  4  0  0  2  1  0  1  2  0  0  1
  1  1  1  0  0  1  0  0
  0  0  0 14  0  0  2  0  0  0  0  1  0  0  1  0  0  0  2  0  0  0  0  0  0  0
  0  0  2  0  0  0  0  0
  0  1  0  0  6  2  0  0  0  2  0  0  0  1  1  1  0  0  0  0  0  0  1  0  0  0
  3  1  2  0  0  0  1  0
  1  1  0  0  0  0  0  0  0  4  0  0  1  0  0  4  0  1  0  0  0  5  3  0  0  0
  4  0  0  0  0  0  0  0
  0  1  1  0  1  0  0  0  0  0  0  1  3  0  4  0  0  6  5  0  0  0  0  2  0  4
  1  0  0  0  0  0  0  0
  0  1  1  0  0  0  2  4  0  0  0  0  0  0  1  8  0  0  0  0  0  5  6  0  0  0
  6  0  0  1  0  1  0  3
  0  1  0  0  0  0  0  0  0  0  0  0  0  0  0  0  0  0  0  0  0  0  0  0  0  0
  0  2  0  2  0  0  0  0
  1  1  1  2  0  1  0  0  1  0  0  0  1  0  0  0  0  0  0  1  0  0  6  3  0  1
  5  0  3  3  1  0  0  1
  0  1  3  1  1  0  0  1  3  0  0  1  0  0  2  0  0  0  0  0  2  0  4  0  1  4
  0  0  0  1  1  0  0  2
  0  1  1  0  0  0  1  0  0  0  0  0  0  0  0  0  0  0  0  0  0  0  1  2  0  0
  0  3  1  0  1  5  3  2
  0  0  1  2  1  1  1  0  4  1  0  0  2  0  0  0  0  0 10  0  0  0  0  0  0  1
  1  0  0  0  0  1  0  0
  0  4  1  0  4  0  1  4  0  8  0  0  0  0  0  0  0  0  1  0  0  7  6  0  0  0
  7  1  0  0  0  2  0  0
  0  0  0  0  0  0  0  0  0  0  0  0  0  0  0  0  0  0  1  0  0  0  0  0  0  0
  0  1  1  0  0  1  0  0
  0  0  0  0  0  0  0  1  6  0  0  0  0  0  0  0  0  0  0  0  0  0  0  0  0  0
  0  0  0  0  0  0  0  0
  0  0  0  3  2  2  0  0  5  0  0  0  0  0 10  1  1  0  0  0  0  0  0  0  0  3
  1  0  0  0  0  0  0  0
  0  0  0  0  1  0  0  0  0  0  0  1  0  0  0  0  0  0  0  0  0  0  0  0  0  0
  0  0  1  0  0  0  0  0
  0  0  0  0  0  0  0  0  0  0  0  0  2  0  0  0  0  0  0  0  0  0  0  0  0  2
  0  0  0  0  0  0  0  0
  0  0  0  1  1  0  0  5  0  5  0  0  0  0  0  7  0  0  0  0  0  0  4  0  0  0
  6  1  0  1  0  1  0  0
  4  8  5  0  2  0  1  3  0  6  0  6  4  1  0  6  0  0  0  0  0  4  0  0  0  0
  7  2  0 10  6  1  0  3
  0  1  1  0  0  0  0  0  2  0  0  3  0  2  0  0  0  0  0  0  0  0  0  0  0  3
  0  1  0  3  0  0  1  1
  0  0  0  0  0  0  0  0  0  0  0  0  1  0  0  0  0  0  0  0  0  0  0  0  0  0
  0  0  0  0  0  0  0  0
  0  0  0  0  1  0  0  0  4  0  0  1  4  0  1  0  0  0  3  0  2  0  0  3  0  0
  0  0  0  0  0  0  1  1
  0  0  0  0  1  0  3  4  1  6  0  5  0  0  1  7  0  0  1  0  0  6  7  0  0  0
  0  7  0  0  1  0  0  0
  1  1  2  0  1  0  1  0  0  0  2  0  0  3  0  1  1  0  0  0  0  1  2  1  0  0
  7  0  0  0  0  2  5  3
  0  0  0  1  1  2  2  0  0  0  0  3  0  1  0  0  1  0  0  1  0  0  0  0  0  0
  0  0  0  0  0  0  0  1
  1  0  3  0  0  0  0  0  0  1  2  3  1  0  0  0  0  0  0  0  0  1 10  3  0  0
  0  0  0  0  1  1  1  1
  3  4  4  0  0  0  0  0  0  0  0  1  1  1  0  0  0  0  0  0  0  0  6  0  0  0
  1  0  0  1  0  0  0  1
  0  1  1  0  1  0  0  0  0  1  0  0  0  5  1  2  1  0  0  0  0  1  1  0  0  0
  0  2  0  1  0  0  3  7
  0  0  0  0  0  0  1  0  0  0  0  0  0  3  0  0  0  0  0  0  0  0  0  1  0  1
  0  5  0  1  0  3  0  2
  0  1  1  0  0  0  0  0  0  3  0  1  2  2  0  0  0  0  0  0  0  0  3  1  0  1
  0  3  1  1  1  7  2  0
  0  1  2 19 17 21  7  3 29 16 28 26 10 13 33 14 20 23 24 34 36 22  6 27 18 25
 15  9 30 11  5 12  8  4
  2  0  1 32 17 33 18 27 15 28 22 26  6 21  5 35 14 23 36 25 29  3 11 12 31  7
 19  8 24 13  9 20 10 16
  2  1  0 25  9 32 20 19  8 15  6 30  3 17 34  4 26 18 29 28 31  5 10 13 36 12
 14  7 24 23 16 33 22 27
 14 22 23  0  7  1  3 20 18 25 36  2  5 27 11 28 13 35  4 34 24 17 10 12 29  6
 16  8  9 19 21 26 33 15
 34 18  9 16  0 17  2  7 27 36 29  4 22 28 12  6 19 30 13 31 26  1  5 10 23  3
 15  8 25 14 11 33 35 32
 28 21 25  1 14  0  9 26  7 31 30  6  3 33  4 35 11 23  2 29 17 15 16  8 36  5
 12 20 10 13 18 34 27 22
  7  9  8 12  1 11  0 16 28 17 14 26 25 21 33 15 10 30 23 29 31  3  2 13 36 24
  5  6 22  4 18 19 27 20
  1 10 31 14 16 15 17  0 30  4 20  2 23 19 24 11 18 34 28 26 33  5  3 29 36 25
 12  7 21  6 27 13  9  8
 28 19  9  7 18  8 17 36  0 30 24  6  3 16 15 25 13  1  4 34 31 10 14  2 23  5
 29 32 11 12 20 26 35 33
 15  9  6 21 13 22 10  7 27  0 25 24 32 26 35  2  8 18 19 17 28  4  5 23 31 14
  1 20 29 12 36 16 11  3
 18  2  3 13 19 35  4 16 26 29  0 30 32 14 36 12  5 28 31 20 21  9  8 34 22 33
 10  6 15  1 25 11  7 17
 27 28 24 10 19 15 21 12 23 25 29  0  3  7 14 34 17 22  2 36 35 18 13  1 33  4
 11 26 16  9 20  6  8  5
  8 12 11  2 26  3 25 16  6 31 32  4  0 28 18 23 27 30 14 29 10 15  5  7 34  1
 17 21 20  9 19 22 13 24
  5  3  6 25 14 34  7 26 18 24 16 19 20  0 33 11 21 17 36 35 32 15  8 13 29 12
 23 10  9 22 31  1  4  2
 26 29 24  2  7  3 13 32  4 20 21  5  6 35  0 25 16 15  1 23 12  9 14 17 30  8
 28 22 34 11 10 31 27 36
  9  4  5 26  3 27 15  8 29  7 33 22 34 14 36  0 32 30 19 20 23  6  2 18 25 11
  1 16 31 17 21 13 12 10
 35 24 14  9 12 16  2 21 31 18 15  6 27 19 17 20  0 32  8  5 30  3 11 22 28 13
  4  7  1 23 10 34 36 33
 17 12 10 22  5 27 19 18  1 13 21  9  7 30 32 14  4  0  8 16 15 28 36  3 31  6
 29 35 33 20 25  2 34 11
 29 27 31  1 19  2 14 24  4 33 32  5  6 36  3 30 10 11  0 17 15  8 12  9 26  7
 16 18 21 13 22 25 28 20
 28  2  3 19  4 20  5 32 30  7 31  6 27 21 35 22  1 34 24  0 36 25 33 18 13  8
  9 29 11 17 10 23 12 26
 20 29 28 33  8 24 36 32  7 34 13  3  2 31 16 17 35  6  1 18  0 12 27  5 14  4
 22 10 11 21 25 30  9 19
 21 18 19 13  4 11  5  7 17  6 29 25 10 32 15  1  9 35 14 28 26  0  8 16 27 24
  2  3 22 23 12 20 30 31
 12  6 27 31 11 32  2 29 26 17 28  3  4 22 33 24 13 35 14 34 36  8  0 10 20  9
  7 25 30  1 16 21 15  5
 28 21 18  9 20 10 11 25  2 23 32  4  5 17 36 26 22 19  8 30 24 14 12  0 27  3
 29 16  1  6 35 13 15  7
 15 25 26 11 32 33 27 23 34 30  3 12  5 31 19 22  7 36 21  8 35  9  6  2  0  4
 16 20 18 29 13 17 28 24
 26 22 14  5 12 15 30 25 21 24 31  2  1 17 20 23 11 28  7 13 29 18  6  4 34  0
 27 10 19  3 32  8  9 16
 18 17  9 12  5 19  7 13 24  2 15 11 20 28 30  1  8 23 22 35 34  4  6 21 33 16
  0 10 14  3 26 25 27 29
 13 10  6 18 20 31 17 16 26 22 12 21 27 11 30 14  9 24 33 34 32  7  8 23 28  3
  2  0 35  5 19 15  1  4
 19 23 22  5 13  6  3 25 21 31 24  4 18  9 29 10  1 28 15 14 27 16 26  2 34 12
  8 20  0 36  7 11 30 17
  8 16 18 24 13 25  2 26 27  3  5 12 14 20 31 21 28 22 23 35 36 15  1 11 33  4
 19  6 29  0 17 10  9  7
  4  6  7 16 17 22  8 20 35 29 32 18 15 33  2 25 24 23 19 26 36 12  3 27 30 21
 14 11  9 10  0 28 13  5
 11 13 12 17 14 36  8 18 25 23  9 20 21  3 28  6 19 24 31 33 30  5 10  7 34 15
 22  2 32 16 35  0  4  1
  4 14 15 21 19 36 12 11 27 17 13 23  8  6 22  3 25 29 24 31 30 18 10 16 35  7
 26  1 28  9 20  5  0  2
  4 20 21 14 29 35 13  6 26 12 22 10 19  7 31  9 32 23 27 33 34 30  5 15 28 11
 25  3 24  8 16  2  1  0
