26
1
2
3
4
5
6
7
8
9
10
11
12
13
14
15
16
17
18
19
20
21
22
23
24
25
26
64
9 24 0
10 20 1
11 25 1
12 21 1
13 26 0
13 22 0
13 18 0
13 12 0
13 24 0
16 21 0
16 22 1
17 10 0
17 4 0
17 9 0
17 8 0
18 12 0
18 10 0
18 21 0
18 5 0
18 26 1
19 16 0
19 15 0
19 23 1
20 21 0
20 18 0
20 7 0
20 14 0
20 15 0
21 11 0
21 14 0
22 21 0
22 14 0
22 15 0
22 19 1
23 10 0
23 6 0
23 3 0
23 7 0
23 5 0
23 14 0
23 15 0
24 26 0
24 23 1
24 19 1
24 22 1
24 16 1
25 2 0
25 21 0
25 20 0
25 9 0
25 6 0
25 8 0
25 15 0
25 17 1
26 12 0
26 21 0
26 15 0
26 14 0
26 8 0
26 9 0
26 17 0
26 25 0
26 20 1
26 11 1
